BEIJING 1               
1 28890U 05043A   14080.53860597  .00000527  00000-0  11710-3 0  5033
2 28890  97.8278 283.9295 0014174 285.7793  74.1861 14.60660473447601
HJ-1A                   
1 33320U 08041A   14080.48646899 -.00000987  00000-0 -13816-3 0   877
2 33320  98.0851 138.8018 0025974 229.9284 129.9670 14.75006306298157
HJ-1B                   
1 33321U 08041B   14080.45116533  .00019895  00000-0  29296-2 0  1462
2 33321  98.0926 139.3623 0034219 249.1917 110.5495 14.75008154298130
YAOGAN 4                
1 33446U 08061A   14080.54792995  .00000955  00000-0  14825-3 0  8416
2 33446  97.6979 127.1615 0017245 179.9248 180.1982 14.75149896285425
YAOGAN 5                
1 33456U 08064A   14080.48871439  .00085051  00000-0  85841-3 0  8690
2 33456  97.1764 160.2092 0004665 247.6886 239.3675 15.65074003294707
DEIMOS-1                
1 35681U 09041A   14080.48180599  .00000803  00000-0  14116-3 0  1443
2 35681  97.9785 338.5507 0001528 104.1853 255.9534 14.70257213249098
UK-DMC 2                
1 35683U 09041C   14080.51194289  .00000860  00000-0  15045-3 0  1603
2 35683  97.9772 337.6722 0001339  65.9805 294.1531 14.70280815249025
RISAT 1                 
1 38248U 12017A   14080.54845959  .00002842  00000-0  18394-3 0  1556
2 38248  97.5632  88.9673 0002475 116.0884 357.6512 15.08961643104744
